[gd_scene load_steps=3 format=3 uid="uid://528q1w0lvykn"]

[ext_resource type="PackedScene" uid="uid://dnricyhqt75rw" path="res://Assets/Characters/Barbarian.glb" id="1_pewin"]
[ext_resource type="PackedScene" uid="uid://c1oaikfieeoon" path="res://Assets/Scenes/animation_player.tscn" id="2_qpcy2"]

[node name="Barbarian" instance=ExtResource("1_pewin")]

[node name="Skeleton3D" parent="Rig_Medium" index="0"]
bones/1/position = Vector3(0, 0.384909, 0)
bones/1/rotation = Quaternion(0.00398569, 0.0431574, 0.000172177, 0.99906)
bones/2/rotation = Quaternion(0.0114034, 3.44275e-09, 0.000987048, 0.999934)
bones/3/rotation = Quaternion(-0.005084, 5.34915e-09, -0.00044006, 0.999987)
bones/3/scale = Vector3(1, 1, 1)
bones/4/position = Vector3(0.212007, 0.134132, 8.2165e-08)
bones/4/rotation = Quaternion(-0.539143, -0.103257, -0.763532, 0.340121)
bones/4/scale = Vector3(0.999999, 0.999999, 1)
bones/5/rotation = Quaternion(2.87517e-08, -4.70914e-08, -0.377493, 0.926012)
bones/5/scale = Vector3(1, 1, 1)
bones/6/rotation = Quaternion(1.51457e-08, -7.35844e-09, 0.0266581, 0.999645)
bones/6/scale = Vector3(1, 1, 1)
bones/7/rotation = Quaternion(-0.220411, -0.343484, 0.178778, 0.895252)
bones/7/scale = Vector3(1, 1, 1)
bones/8/position = Vector3(5.13849e-10, 0.0961251, -0.0575)
bones/8/rotation = Quaternion(0.00225354, 0.00225355, -0.698783, 0.715326)
bones/8/scale = Vector3(1, 1, 1)
bones/9/rotation = Quaternion(-0.0116506, -0.0313396, -0.000641383, 0.999441)
bones/10/position = Vector3(-0.212007, 0.134132, 8.62731e-08)
bones/10/rotation = Quaternion(-0.5656, 0.0334408, 0.728168, 0.385681)
bones/10/scale = Vector3(0.999999, 0.999999, 1)
bones/11/rotation = Quaternion(-4.602e-09, 5.46186e-08, 0.390395, 0.920648)
bones/11/scale = Vector3(1, 1, 1)
bones/12/rotation = Quaternion(2.24975e-10, 6.82468e-09, -0.0266581, 0.999645)
bones/12/scale = Vector3(1, 1, 1)
bones/13/rotation = Quaternion(-0.210827, 0.379969, -0.132251, 0.89089)
bones/13/scale = Vector3(1, 1, 1)
bones/14/position = Vector3(-1.5415e-08, 0.0961252, -0.0575)
bones/14/rotation = Quaternion(0.00225354, -0.00225356, 0.698783, 0.715326)
bones/14/scale = Vector3(1, 1, 1)
bones/15/position = Vector3(0.170945, 0.113587, 1.59941e-08)
bones/15/rotation = Quaternion(0.989537, 0.0576363, 0.0713529, 0.111369)
bones/15/scale = Vector3(1, 1, 1)
bones/16/rotation = Quaternion(0.327236, 6.45578e-08, -2.27001e-07, 0.944943)
bones/16/scale = Vector3(1, 1, 1)
bones/17/rotation = Quaternion(-0.565605, -0.112356, 0.0479621, 0.815577)
bones/17/scale = Vector3(1, 1, 0.999999)
bones/18/rotation = Quaternion(-9.78904e-07, 0.920235, -0.391367, 2.83118e-07)
bones/18/scale = Vector3(1, 0.999997, 1)
bones/19/position = Vector3(-0.170945, 0.113587, 1.55755e-08)
bones/19/rotation = Quaternion(0.995268, -0.0310076, 0.0310215, 0.0867033)
bones/19/scale = Vector3(1, 1, 1)
bones/20/rotation = Quaternion(0.337758, -6.69598e-08, 2.36174e-07, 0.941233)
bones/20/scale = Vector3(1, 1, 1)
bones/21/rotation = Quaternion(-0.594069, 0.113968, -0.0141741, 0.796173)
bones/21/scale = Vector3(1, 1, 0.999999)
bones/22/rotation = Quaternion(-8.93489e-05, 0.920222, -0.391398, 2.0291e-05)
bones/22/scale = Vector3(1, 0.999998, 1)

[node name="Barbarian_BearHat" parent="Rig_Medium/Skeleton3D" index="2"]
layers = 2

[node name="Barbarian_Head" parent="Rig_Medium/Skeleton3D" index="4"]
layers = 2

[node name="RightHand" type="BoneAttachment3D" parent="Rig_Medium/Skeleton3D" index="7"]
transform = Transform3D(0.263404, 0.000112593, -0.964686, -2.42889e-05, -0.999999, -0.00012219, -0.964685, 5.51343e-05, -0.263404, -0.479715, 0.626584, 0.0646932)
bone_name = "hand.r"
bone_idx = 13

[node name="RightHandWeapon" type="Node3D" parent="Rig_Medium/Skeleton3D/RightHand" index="0"]
transform = Transform3D(0.0342341, -0.951274, -0.306442, 0.99879, 0.0217338, 0.0441118, -0.0353022, -0.307581, 0.950867, 0.0543882, 0.0726635, 0.0148177)

[node name="Head" type="BoneAttachment3D" parent="Rig_Medium/Skeleton3D" index="8"]
transform = Transform3D(0.99972, -6.98492e-10, 0.0236466, -6.31779e-05, 0.999996, 0.00267105, -0.0236465, -0.00267181, 0.999717, -4.41881e-09, 1.22043, 0.0186606)
bone_name = "head"
bone_idx = 9

[node name="AnimationPlayer" parent="." index="1" instance=ExtResource("2_qpcy2")]
